'a': 4.9462890625
'b': 4.6044921875
'c': 4.4775390625
'd': 4.6337890625
'e': 4.775390625
'f': 2.4755859375
'g': 4.5849609375
'h': 4.2626953125
'i': 0.8935546875
'j': 1.708984375
'k': 4.3359375
'l': 0.87890625
'm': 7.0361328125
'n': 4.2626953125
'o': 4.873046875
'p': 4.6044921875
'q': 4.6142578125
'r': 2.5439453125
's': 4.31640625
't': 2.431640625
'u': 4.208984375
'v': 4.8388671875
'w': 6.9482421875
'x': 4.794921875
'y': 4.7802734375
'z': 4.375
